477
658
710
904
791
303
80
546
430
555
394
104
890
858
152
430
805
82
119
86
499
842
225
145
178
259
378
416
528
388
178
652
1070
606
510
261
217
628
588
343
321
697
241
95
342
326
591
750
624
641
416
278
709
918
245
505
22
939
863
655
584
613
276
111
53
60
364
922
239
504
184
335
435
530
497
458
488
1067
909
422
608
501
538
255
461
195
138
340
199
753
84
6
16
22
243
103
12
516
583
46
84
44
98
54
29
70
24
413
919
217
327
302
318
101
98
74
469
68
509
412
225
221
199
786
562
487
344
249
211
485
130
24
35
492
722
63
511
146
310
88
370
416
523
106
65
504
524
163
342
750
710
904
791
191
409
546
430
555
535
104
890
858
535
643
805
82
426
86
825
842
296
145
178
487
384
416
528
388
11
652
1070
606
655
248
217
628
568
343
329
697
686
95
342
350
587
750
624
641
549
278
709
918
562
263
22
939
668
655
461
613
132
111
53
270
609
922
239
504
366
335
435
530
282
293
488
1067
637
422
673
501
347
255
461
240
244
340
199
753
249
6
16
22
50
283
12
516
230
46
17
44
281
54
29
32
272
413
919
217
514
302
318
101
690
574
469
68
168
412
217
221
687
786
562
243
511
249
211
485
207
24
35
492
612
419
511
146
336
88
421
416
514
106
65
516
492
163
342
750
904
791
191
80
546
430
555
364
104
890
858
152
643
805
208
119
86
825
842
225
145
267
487
378
416
528
388
123
135
1070
606
510
248
217
628
305
343
329
697
241
95
342
817
591
750
624
641
814
278
968
918
245
263
22
939
863
698
461
613
276
111
53
270
104
922
239
504
694
335
435
62
497
293
488
1067
909
422
1103
501
538
255
461
240
138
810
199
753
348
6
16
22
712
283
12
516
583
46
17
505
98
54
29
32
24
413
951
217
540
302
318
101
98
593
469
68
509
412
217
221
62
786
562
243
344
249
211
578
524
24
35
492
722
419
659
146
310
88
421
416
523
596
65
516
524
163
342
750