41.8931
45.4669
40.8333
45.0667
38.1157
44.4072
44.4939
43.7714
41.1253
37.5027
39.2224
45.4397
45.4386
38.1833
45.4064
45.6361
40.4181
45.5389
44.8015
43.8808
44.6458
38.1144
44.7000
43.1121
44.4178
43.5500
41.4584
44.0594
40.6806
44.8353
41.4676
40.9319
45.5836
37.0692
42.4643
45.6950
44.2225
46.0667
40.7267
45.5500
42.5667
41.3200
46.5000
45.4500
45.0500
43.6167
41.2317
46.0667
40.3520
43.4617
38.9100
45.6381
43.7167
40.6383
45.8103
45.6722
45.6120
45.8167
37.8054
44.9000
41.0667
36.9300
42.3504
40.6333
40.7000
41.1256
42.1004
44.3080
39.0833
41.2000
37.3111
43.3183
41.5630
40.9143
45.5664
43.3003
45.9352
45.7370
38.6666
43.7903
42.5167
36.7303
40.6556
43.7252
41.4667
45.6000
43.4403
42.5535
40.7333
39.2667
45.6225
42.6500
42.6167
42.5000
42.6833
41.1601
42.7553
42.8667
45.7833
42.5837
42.6667
42.6500
42.5686
42.5450
42.8667
42.7000
42.5167
42.6833
45.8500
39.3000
40.9000
44.1167
45.9639
45.9333
45.3167
46.1667
41.6333
45.1167
45.1667
42.3500
45.1500
43.9000
44.0167
45.3167
41.2833
43.8333
44.3833
45.0667
44.9000
43.9167
39.9031
42.6500
42.8500
43.1500
39.9256
46.1450
42.4000
39.1672
40.3167
42.7667
42.4167
40.6667
37.4833
39.3114
39.8758
39.5611
37.5667
39.4578
40.9000
43.8833
38.0167