12.4828
9.1900
14.2500
7.7000
13.3613
8.9340
11.3428
11.2542
16.8667
15.0873
9.1040
12.3319
10.9928
15.5500
11.8778
13.8042
17.2408
10.2203
10.3280
11.0966
10.9257
15.6500
10.6333
12.3888
12.1994
10.3167
15.5519
12.5683
14.7597
11.6199
12.9037
14.1956
9.2736
15.2875
14.2142
9.6700
12.0408
11.1167
8.5592
11.5500
12.6500
16.2700
11.3500
8.6167
9.7000
13.5167
16.3083
13.2333
18.1691
11.8750
16.5875
12.6583
10.4000
17.9458
9.0861
12.2422
8.8518
8.8333
12.4387
8.2069
14.3333
14.7300
13.3900
15.8000
14.4833
14.7811
11.8000
8.4810
17.1233
16.6000
13.5765
11.3314
14.6560
9.5151
8.0533
13.4533
13.6193
7.3150
16.1000
7.6083
12.5167
14.8467
17.7036
12.6372
13.1833
13.7667
13.6074
12.4168
15.7167
17.0667
13.8578
12.4833
12.5500
12.6667
12.5500
14.6718
12.0017
12.0167
6.9667
12.7680
12.2167
12.4333
12.9600
11.7569
12.2667
11.9833
12.3000
12.1000
9.3833
16.2500
14.7833
9.8333
12.6575
8.5333
9.5000
9.8667
13.3167
10.0333
9.1667
14.1667
10.8000
12.9167
10.1500
8.4167
16.4167
10.4833
7.5333
11.7833
8.6167
10.9000
8.5919
13.7000
13.5667
13.7167
9.6572
12.2214
12.8500
8.5222
9.3500
11.1333
12.1000
16.6000
14.0667
8.5350
9.5417
8.8994
14.2667
8.7406
9.1000
8.0500
12.4833