574
792
855
1089
953
365
96
657
518
668
474
125
1072
1033
183
518
969
98
143
103
601
1014
271
174
214
312
455
501
636
467
214
785
1289
730
614
314
261
756
708
413
386
839
290
114
412
392
712
903
751
772
501
334
854
1106
295
608
26
1131
1039
789
703
738
332
133
63
72
438
1110
287
607
221
403
524
638
598
551
587
1285
1095
508
732
603
648
307
555
234
166
409
239
907
101
7
19
26
292
124
14
621
702
55
101
53
118
65
34
84
28
497
1107
261
393
363
383
121
118
89
565
81
613
496
271
266
239
946
677
586
414
300
254
584
156
28
42
592
869
75
615
175
373
106
445
501
630
127
78
607
631
196
412
903
855
1089
953
230
492
657
518
668
644
125
1072
1033
644
774
969
98
513
103
993
1014
356
174
214
586
462
501
636
467
13
785
1289
730
789
298
261
756
684
413
396
839
826
114
412
421
707
903
751
772
661
334
854
1106
677
316
26
1131
804
789
555
738
159
133
63
325
733
1110
287
607
440
403
524
638
339
353
587
1285
767
508
810
603
418
307
555
289
293
409
239
907
300
7
19
26
60
340
14
621
277
55
20
53
338
65
34
38
327
497
1107
261
619
363
383
121
831
691
565
81
202
496
261
266
827
946
677
292
615
300
254
584
249
28
42
592
737
504
615
175
404
106
507
501
619
127
78
621
592
196
412
903
1089
953
230
96
657
518
668
438
125
1072
1033
183
774
969
250
143
103
993
1014
271
174
321
586
455
501
636
467
148
162
1289
730
614
298
261
756
367
413
396
839
290
114
412
984
712
903
751
772
980
334
1166
1106
295
316
26
1131
1039
840
555
738
332
133
63
325
125
1110
287
607
836
403
524
74
598
353
587
1285
1095
508
1328
603
648
307
555
289
166
975
239
907
419
7
19
26
857
340
14
621
702
55
20
608
118
65
34
38
28
497
1145
261
650
363
383
121
118
714
565
81
613
496
261
266
74
946
677
292
414
300
254
696
631
28
42
592
869
504
793
175
373
106
507
501
630
718
78
621
631
196
412
903